body_to_camera: {
  qx: 0.4735103578090766,
  qy: 0.5553449083030924,
  qz: 0.4969644617659876,
  qw: 0.4694744909055148,
  tx: 0.0595097191250000,
  ty: -0.0056632090621000,
  tz: 0.0995588644600000 }
