body_to_camera: {
  qx: 0.4944158302719034,
  qy: 0.4923038422059340,
  qz: 0.4927166572385896,
  qw: 0.5200194317575538,
  tx: 0.1318305718374357,
  ty: -0.0170863769052661,
  tz: 0.0394165829192902 }
