body_to_camera: {
  qx: -0.4817987248385569,
  qy: 0.5029865744522301,
  qz: -0.4772858983488609,
  qw: 0.5357916254497384,
  tx: 0.1416058281853279,
  ty: 0.0208741030516409,
  tz: -0.0427634441660232 }
